107 1 1 0 0 0.805430
107 2 1 1 1 1.103880
107 3 1 0 0 0.778830
107 4 1 1 1 1.364560
107 5 2 0 1 0.774660
107 6 1 0 0 0.865280
107 10 2 1 0 0.862080
107 11 2 0 0 0.716540
107 13 1 1 1 0.869800
107 14 1 0 0 0.814090
107 15 2 1 1 0.758550
107 16 1 1 0 0.832520
107 17 2 1 1 0.529970
107 18 1 0 0 0.654290
107 19 2 1 1 0.671840
107 20 2 1 0 0.965220
107 21 1 1 1 1.045030
107 22 1 1 1 0.826150
107 23 2 1 1 0.725770
107 26 2 0 0 0.891700
107 29 2 0 0 0.775470
107 30 1 0 1 0.764950
107 31 1 0 1 0.940770
107 32 1 1 1 0.626530
107 33 2 1 1 0.701080
107 34 1 1 1 1.365370
107 35 1 1 1 0.904790
107 36 2 0 1 1.170070
107 39 1 0 0 1.043490
107 40 2 1 0 0.983330
107 42 1 1 1 0.659020
107 43 2 0 1 1.026380
107 45 2 0 1 0.684300
107 46 2 1 0 1.068710
107 47 2 0 0 1.041100
107 48 2 0 1 0.839150
107 49 2 0 0 0.852340
107 50 2 1 1 0.746190
107 51 1 1 1 1.264900
107 52 1 0 0 1.034710
107 53 2 0 1 0.810450
107 54 2 1 1 0.608460
107 55 1 1 1 0.699540
107 56 2 1 0 0.750690
107 57 2 1 1 1.133710
107 58 2 0 0 1.303680
107 59 1 1 1 0.983580
107 60 1 0 0 1.456580
107 61 1 1 0 1.029810
107 63 1 1 1 0.878940
107 64 1 0 1 0.924820
107 66 1 1 1 0.757490
107 67 1 0 1 0.853590
107 68 2 0 1 0.786850
107 69 1 0 0 0.708780
107 71 1 0 0 0.681860
107 75 2 0 0 0.870110
107 76 2 0 1 0.735890
107 77 1 1 1 1.411560
107 78 1 0 0 0.607640
107 79 2 1 0 0.878380
107 80 2 0 0 0.867820
107 87 2 0 1 0.718770
107 88 1 0 0 1.473070
107 89 1 0 1 1.366530
107 92 1 1 1 0.755700
107 93 1 1 1 0.666340
107 94 1 1 1 0.981880
107 95 1 0 0 0.780070
107 96 1 0 0 0.809040
107 97 2 1 0 0.832780
107 98 2 1 1 0.675840
107 99 2 0 0 0.749650
107 100 1 1 1 0.705520
107 102 2 1 1 1.444000
107 103 2 1 0 1.321060
107 104 2 0 1 1.007290
107 105 1 0 0 1.126160
107 106 1 1 1 0.890750
107 107 2 1 0 1.273800
107 108 1 0 0 1.009770
107 109 2 1 1 1.112050
107 110 2 0 1 1.292770
107 112 1 0 0 0.951890
107 114 2 0 0 0.678130
107 115 2 0 1 1.038940
107 116 1 1 0 1.000390
107 117 1 1 1 1.282370
107 118 2 1 0 1.002320
107 119 1 0 0 0.896290
107 120 2 0 1 1.078270
107 121 2 0 1 1.028310
107 122 2 0 1 1.018080
107 123 2 0 1 0.631700
107 124 1 1 1 1.183480
107 125 2 1 0 1.206700
107 126 2 0 1 0.685360
107 127 1 0 1 0.866000
107 129 1 1 0 1.267730
107 130 2 0 0 1.026480
107 132 1 1 0 0.792160
107 133 2 0 0 0.742050
107 134 1 0 1 1.012600
107 135 2 1 1 0.709870
107 136 2 1 1 1.132270
107 137 1 1 1 1.166560
107 138 1 0 0 1.167810
107 139 1 1 0 1.016450
107 142 2 1 0 1.130710
107 144 2 0 1 0.732680
107 145 1 1 0 0.868220
107 146 1 1 0 1.094110
107 149 2 1 1 1.135410
107 151 2 1 1 0.849730
107 152 1 0 0 1.120450
107 153 1 0 0 0.963640
107 154 2 1 1 1.166850
107 155 2 1 0 1.443000
107 156 1 1 1 0.746180
107 157 1 0 1 1.455640
107 158 1 1 0 0.685540
107 159 1 0 1 1.023780
107 161 1 1 1 0.952350
107 163 2 0 0 1.005090
107 164 1 0 1 0.746820
107 165 1 0 1 1.141820
107 166 2 1 1 1.316550
107 167 2 1 1 0.778460
107 168 1 1 1 0.919560
107 169 2 0 1 0.807790
107 170 1 0 1 0.920830
107 172 1 0 0 0.702640
107 173 2 1 1 1.164580
107 174 1 0 0 0.637390
107 176 1 0 0 0.768010
107 177 2 1 1 1.230360
107 178 1 0 0 1.191300
107 179 1 1 1 0.742180
107 180 2 0 1 1.046600
107 181 2 1 1 0.996650
107 182 2 0 1 1.290100
107 183 2 0 1 0.874350
107 184 2 0 1 0.739880
107 185 1 1 1 0.724900
107 186 1 1 1 0.725660
107 188 1 1 1 0.901570
107 189 1 0 0 0.879570
107 190 2 0 1 1.133790
107 191 2 0 0 1.247100
107 192 1 0 0 1.169080
107 193 2 1 1 0.657880
107 194 2 1 1 0.838950
107 195 2 1 1 0.884600
107 196 1 1 1 0.615190
107 197 2 1 1 0.733630
107 199 1 0 0 0.791110
107 200 2 1 0 1.399330
107 201 2 0 0 1.045790
107 203 2 0 1 1.087070
107 205 1 1 1 0.751180
107 206 1 1 0 0.841690
107 208 1 1 1 0.658340
107 209 2 0 1 1.125570
107 210 2 1 1 0.744820
107 211 2 1 1 1.302400
107 212 1 1 0 1.325790
107 214 1 1 1 0.877200
107 215 2 1 0 1.265810
107 216 1 0 0 0.637200
107 217 1 1 0 0.620850
107 218 1 0 0 0.587630
107 220 1 0 0 0.899640
107 222 1 0 0 1.114600
107 225 1 0 1 1.359300
107 226 1 1 1 0.678990
107 227 2 0 0 1.118820
107 228 1 1 0 1.378460
107 229 2 0 1 1.305830
107 230 1 1 1 0.744030
107 231 2 0 1 0.767220
107 234 1 0 1 0.696030
107 237 2 0 1 0.557320
107 238 2 0 1 0.760500
107 240 2 0 1 0.643590
107 241 2 1 0 1.078540
107 242 2 0 1 1.298320
107 243 2 0 1 0.759470
107 244 1 0 0 0.647630
107 245 1 0 0 0.788970
107 246 1 0 1 0.609660
107 248 1 1 0 0.880920
107 250 1 0 1 0.831560
107 254 2 0 1 0.862210
107 255 2 1 1 1.110480
107 256 1 1 0 1.297010
107 257 2 1 1 1.253220
107 259 2 1 1 1.102520
107 260 1 1 1 1.013390
107 261 2 1 0 1.385700
107 263 2 0 0 1.133970
107 264 1 1 1 0.943950
107 265 2 0 1 0.680210
107 266 1 0 1 0.714870
107 267 2 0 1 0.872930
107 268 2 1 0 0.766390
107 269 1 1 0 0.587440
107 270 2 0 1 1.319400
107 271 2 1 1 0.865140
107 274 1 0 0 1.166050
107 275 2 0 1 0.908020
107 276 1 0 1 0.655760
107 278 2 1 0 1.028960
107 279 2 1 0 1.159210
107 281 1 0 1 1.201210
107 282 1 0 1 0.797220
107 284 1 1 1 0.872630
107 285 1 0 0 0.963330
107 286 1 0 1 0.588190
107 287 1 1 0 0.656470
107 288 2 1 1 0.887390
107 289 1 0 0 0.731780
107 290 2 0 1 0.738130
107 294 2 0 1 1.275500
107 295 2 1 1 0.815310
107 296 1 1 1 0.821420
107 297 2 1 1 1.136940
107 299 1 1 0 0.806860
107 300 2 0 1 0.807350
107 301 2 1 0 1.111830
107 302 1 0 1 0.741100
107 303 1 0 0 0.764260
107 304 2 0 0 0.680590
107 305 2 0 1 0.984880
107 306 1 1 1 1.075770
107 307 2 1 1 0.845650
107 308 2 1 1 0.947620
107 310 1 0 0 0.678950
107 311 1 1 1 0.741360
107 312 1 1 0 1.237090
107 313 2 0 1 0.697780
107 314 2 1 1 0.709720
107 315 2 0 1 0.794710
107 316 1 1 1 1.234120
107 318 1 0 0 1.308500
107 319 1 0 0 0.814180
107 320 2 0 1 0.927350
