115 1 2 1 1 0.723390
115 2 1 1 0 0.633940
115 3 1 0 0 0.758350
115 4 2 1 0 0.658180
115 5 2 0 0 1.035900
115 6 2 0 0 1.464300
115 7 1 1 0 0.936250
115 8 1 0 1 0.605000
115 9 1 0 0 0.583560
115 11 1 1 0 0.466290
115 12 2 1 0 0.500730
115 13 2 1 1 0.771600
115 14 2 1 0 0.805900
115 15 1 0 0 0.586860
115 18 1 0 1 0.563010
115 20 1 1 0 0.581320
115 22 2 0 1 0.746030
115 23 2 0 0 0.690290
115 24 2 0 0 0.690790
115 25 1 1 0 0.770110
115 26 1 0 1 0.664270
115 27 2 1 0 0.844770
115 28 1 0 0 0.609020
115 29 2 0 1 0.722410
115 30 1 0 0 0.570870
115 32 1 1 0 0.786390
115 33 1 1 0 1.028620
115 34 2 0 1 0.579800
115 35 1 1 0 0.490640
115 38 2 0 0 0.509090
115 39 2 1 1 0.741320
115 40 2 1 1 0.686970
115 41 2 0 1 0.974590
115 42 1 0 1 0.908580
115 43 2 0 0 0.768320
115 44 1 1 0 0.611670
115 45 1 1 0 1.354730
115 46 2 1 1 0.562970
115 47 2 0 1 0.755960
115 48 2 0 1 0.536940
115 49 1 0 1 0.841920
115 50 1 1 0 0.516180
115 51 1 1 0 0.786700
115 53 1 1 1 1.040700
115 54 1 1 1 1.041460
115 56 1 1 0 0.553550
115 57 2 0 1 0.498760
115 59 2 1 1 1.002010
115 60 2 1 0 1.099010
115 61 2 0 0 0.976110
115 62 1 0 0 0.599570
115 64 2 0 0 0.836860
115 65 2 0 0 0.770060
115 66 2 1 1 0.596720
115 67 2 1 1 0.496000
115 69 1 0 0 0.553640
115 70 2 0 1 0.841040
115 71 1 0 1 0.875480
115 72 1 1 0 1.236200
115 74 2 0 1 0.961780
115 75 1 0 1 0.804990
115 77 1 1 0 0.586790
115 78 2 0 0 0.666290
115 80 1 1 0 0.802670
115 81 1 1 0 0.493070
115 82 1 0 0 0.566580
115 83 2 1 1 0.938530
115 84 2 0 1 1.040850
115 87 2 0 1 0.621380
115 88 2 1 1 0.841420
115 89 1 0 1 0.910010
115 90 2 0 0 0.651770
115 92 1 1 0 0.669690
115 94 1 0 1 0.761130
115 95 2 1 1 0.772910
115 96 1 1 0 1.026530
115 97 1 1 0 0.876940
115 100 1 0 0 0.739040
115 101 2 1 1 1.223520
115 102 1 0 0 0.965810
115 104 1 1 0 0.533590
115 105 2 0 1 0.961580
115 106 1 0 0 0.625280
115 107 1 1 0 1.452540
115 108 1 0 0 1.115520
115 110 2 1 0 0.723180
115 111 2 0 0 1.066820
115 112 2 1 1 0.955360
115 113 1 1 0 0.955900
115 114 2 1 0 0.748830
115 116 2 0 1 0.739120
115 117 2 1 0 0.846380
115 118 1 1 0 1.083170
115 119 2 1 1 0.961130
115 120 1 0 1 0.934710
115 121 2 0 0 0.845600
115 122 2 1 0 0.875120
115 123 1 0 0 0.931890
115 124 1 1 0 1.376980
115 125 1 0 0 0.567410
115 126 1 0 1 1.064060
115 128 1 1 0 0.824270
115 129 2 0 1 0.909680
115 130 1 1 0 0.831460
115 131 1 0 0 0.967000
115 133 1 1 1 0.500980
115 134 1 1 0 0.636670
115 135 1 1 0 0.670950
115 136 2 0 1 1.127620
115 138 2 1 0 0.741930
115 139 2 1 1 0.912230
115 140 2 1 0 0.728000
115 141 2 1 0 0.548840
115 142 1 1 0 1.089420
115 143 2 1 0 0.966160
115 145 2 0 1 0.646600
115 147 1 1 0 0.665020
115 148 2 0 0 0.744480
115 149 2 0 1 1.082700
115 151 1 1 0 0.673250
115 152 1 0 0 0.572720
115 154 2 1 1 0.787880
115 155 2 0 0 1.075300
115 156 2 0 0 1.300980
115 158 2 1 0 0.767840
115 159 1 0 1 0.588470
115 160 2 0 0 0.915450
115 161 1 1 0 0.892860
115 163 1 1 0 0.742430
115 164 2 0 1 0.754160
115 166 1 1 1 0.789110
115 167 2 1 1 1.032220
115 168 1 1 0 1.055610
115 169 2 0 0 0.836950
115 170 2 0 0 0.871180
115 171 2 1 0 0.680460
115 172 1 1 0 0.709440
115 173 2 0 0 1.058900
115 175 1 0 1 0.779020
115 177 2 0 1 0.752500
115 178 1 0 1 1.220820
115 179 2 1 0 0.928760
115 181 1 0 1 0.362360
115 182 2 1 1 1.071670
115 184 1 0 0 0.685440
115 185 2 0 0 0.618980
115 186 2 0 0 0.765950
115 187 1 1 1 0.969140
115 188 2 0 1 1.008870
115 190 1 1 0 0.706460
115 191 2 0 0 0.701390
115 192 1 1 1 0.926920
115 194 1 1 0 0.714550
115 195 1 1 0 0.731970
115 196 1 1 1 1.386770
115 197 2 0 1 1.033190
115 198 2 0 1 0.955330
115 199 2 0 0 0.613070
115 200 2 0 0 0.906090
115 202 1 1 0 0.750170
115 204 1 0 1 0.813590
115 205 1 1 0 0.674550
115 206 2 1 1 0.934370
115 209 2 0 1 0.593800
115 210 2 1 1 0.808290
115 211 1 0 1 0.893040
115 212 2 1 1 0.646370
115 213 1 0 0 0.793510
115 214 1 0 0 0.630900
115 216 2 1 1 0.621240
115 218 2 0 0 0.864890
115 220 1 1 1 0.794320
115 221 1 0 1 0.772350
115 222 2 0 0 0.784290
115 223 2 1 0 0.925260
115 224 1 1 1 0.882180
115 226 1 0 1 0.811150
115 227 1 0 0 0.884970
115 229 1 0 0 0.987500
115 230 2 1 0 1.010640
115 231 1 1 0 1.073050
115 232 1 0 1 1.175010
115 233 2 0 0 0.736910
115 234 1 0 0 1.041440
115 235 2 1 0 0.732520
115 236 2 0 1 0.722000
115 237 1 1 0 0.666450
115 238 2 1 1 1.100080
115 239 1 1 0 0.594530
115 240 2 0 1 0.876460
115 242 1 1 1 0.730850
115 243 1 1 1 0.517790
115 244 1 0 0 0.575150
115 245 2 1 0 0.941620
115 247 2 1 0 0.583240
115 250 2 0 1 1.131080
115 251 2 0 0 0.524090
115 253 2 1 1 0.733590
115 254 1 1 0 0.666650
115 255 1 1 1 1.252190
115 256 2 0 0 0.684530
115 257 2 1 0 0.782420
115 259 2 1 1 1.049080
115 260 2 1 0 0.824580
115 263 1 1 0 0.663540
115 264 2 0 0 0.889060
115 265 1 1 0 0.507110
115 266 2 1 1 0.823370
115 267 2 0 1 0.660570
115 269 1 1 0 0.830750
115 270 2 0 1 0.729990
115 272 2 1 1 0.815920
115 275 1 0 0 0.677830
115 276 1 0 0 0.959690
115 277 2 0 1 0.853150
115 278 2 1 0 0.763720
115 279 1 1 0 1.395490
115 280 2 0 1 1.144040
115 281 1 1 0 0.666620
115 282 1 0 0 0.589470
115 283 2 0 0 0.713780
115 284 1 0 0 0.495030
115 286 2 1 0 1.014660
115 287 2 0 0 0.886930
115 288 2 1 1 0.651070
115 289 2 0 1 0.601520
115 290 1 1 0 0.984540
115 291 2 0 0 1.378860
115 292 2 0 1 0.749330
115 293 1 0 1 0.766620
115 294 1 1 0 0.710990
115 295 2 0 1 0.700270
115 296 1 1 0 0.560690
115 297 1 0 0 0.978430
115 298 1 1 0 0.636260
115 299 1 1 0 0.772830
115 300 2 0 1 1.241130
115 303 1 1 1 1.001000
115 304 1 1 0 0.596490
115 305 2 1 0 0.675930
115 306 2 0 0 0.710950
115 307 1 1 1 1.414420
115 308 1 0 0 0.762600
115 309 1 0 0 0.605830
115 311 1 0 0 0.612600
115 312 1 0 0 0.714610
115 313 2 0 1 0.839070
115 314 2 1 0 0.873480
115 315 1 1 0 0.654630
115 316 1 0 0 0.677830
115 317 2 1 1 0.858600
115 319 1 0 0 0.786600
115 320 1 0 0 0.652310
