125 1 2 0 1 1.196990
125 3 1 0 1 0.674820
125 4 1 0 0 0.777130
125 5 1 1 1 0.997350
125 7 2 0 1 0.616440
125 8 2 0 1 0.476440
125 9 2 0 1 0.623750
125 12 1 1 1 0.563430
125 14 2 0 1 0.722320
125 15 1 0 0 0.610400
125 16 1 1 0 0.548960
125 17 2 0 1 0.838100
125 18 2 1 1 0.535750
125 19 1 1 0 0.806890
125 20 2 1 1 0.925240
125 21 2 1 1 0.599720
125 23 2 0 0 0.685440
125 24 1 0 0 0.719720
125 25 1 0 0 0.709000
125 27 1 0 0 0.896180
125 28 2 1 1 0.637950
125 29 2 0 1 0.897570
125 30 1 1 0 0.830600
125 31 2 0 1 0.589220
125 32 1 1 0 0.770290
125 33 2 0 1 1.007050
125 34 1 0 1 0.721210
125 35 2 1 1 0.980830
125 36 1 0 1 0.992800
125 37 1 0 1 0.739970
125 39 2 1 1 0.719750
125 41 1 1 0 0.649190
125 42 1 1 1 0.824980
125 43 2 1 1 0.634290
125 44 1 0 0 0.505530
125 46 2 0 1 0.687640
125 47 2 1 0 0.717280
125 48 2 0 1 0.729080
125 49 2 1 1 0.803230
125 52 1 1 0 0.658540
125 53 1 1 1 0.833250
125 55 1 1 1 1.160750
125 57 1 0 1 0.685110
125 58 2 1 1 0.635410
125 59 1 0 0 0.648230
125 61 2 1 0 1.398670
125 62 1 0 0 1.376660
125 63 2 1 1 1.017170
125 64 2 1 1 0.618120
125 66 1 1 1 0.541300
125 67 2 1 1 0.614750
125 68 1 1 0 0.817960
125 70 2 1 1 0.661840
125 73 1 0 0 0.928200
125 74 2 0 0 1.176350
125 75 2 1 1 0.901200
125 77 1 0 1 0.823850
125 78 1 0 0 0.784980
125 79 1 0 1 0.853210
125 80 2 0 0 0.910160
125 81 2 0 1 1.068790
125 82 2 1 1 1.052260
125 83 2 0 0 0.895970
125 84 2 1 1 0.997930
125 85 1 1 0 0.835420
125 87 2 0 1 0.926840
125 88 1 1 0 0.589840
125 90 1 1 1 1.136750
125 91 1 1 0 1.261150
125 92 2 0 1 0.620850
125 94 1 0 0 1.144930
125 95 1 0 0 0.526880
125 96 1 0 1 0.724590
125 97 2 0 1 1.299570
125 99 1 1 1 0.788900
125 101 1 1 0 0.622050
125 102 1 1 0 0.774440
125 103 1 1 0 0.797810
125 104 1 0 0 0.664010
125 105 2 0 0 0.771590
125 106 2 1 1 0.614940
125 107 2 0 1 1.043020
125 109 2 1 1 0.701230
125 110 2 0 1 0.611920
125 111 2 1 1 0.506420
125 112 1 1 0 0.518550
125 114 1 1 1 0.897340
125 115 1 0 1 0.853080
125 116 1 1 1 1.118360
125 117 2 0 1 0.938980
125 118 2 1 0 1.109050
125 119 1 1 1 0.991670
125 120 2 0 1 0.734850
125 122 2 0 1 0.764690
125 123 1 0 0 1.098360
125 124 1 0 1 0.795080
125 127 1 1 0 1.141380
125 128 1 1 1 0.652260
125 129 2 1 1 0.732970
125 131 1 0 1 0.909210
125 132 1 0 1 0.493650
125 133 1 0 0 0.803540
125 134 1 1 1 0.669050
125 135 1 0 1 0.568850
125 136 1 0 1 0.541240
125 137 1 0 1 0.778070
125 138 2 1 1 0.756780
125 141 2 1 0 1.360390
125 142 2 1 1 0.798380
125 143 1 0 0 1.069080
125 144 1 1 1 0.985400
125 146 1 0 0 1.290560
125 147 2 0 1 0.824140
125 149 2 0 1 0.859300
125 150 2 0 1 0.646280
125 151 2 1 1 1.304890
125 155 1 1 1 0.514360
125 156 2 1 1 0.616290
125 157 2 0 1 0.650760
125 158 2 0 1 0.634430
125 159 2 1 1 0.680090
125 160 2 1 1 0.883330
125 162 2 0 1 0.842430
125 163 1 0 0 0.483100
125 164 1 1 0 0.821730
125 165 2 0 1 1.030690
125 166 1 0 1 0.806530
125 167 1 0 0 0.773480
125 169 1 1 0 0.780820
125 171 2 1 1 0.826880
125 172 1 1 1 0.653010
125 173 2 1 1 0.687640
125 174 2 0 1 0.868130
125 176 2 1 1 0.976070
125 177 1 1 0 0.702670
125 178 2 1 1 0.895340
125 179 2 0 1 0.873880
125 181 2 0 1 0.644280
125 182 1 0 1 0.780310
125 184 2 1 0 1.270580
125 185 2 0 1 0.866080
125 187 1 1 1 0.918260
125 189 2 0 1 0.660900
125 190 2 1 0 1.223980
125 191 1 0 1 0.903800
125 192 2 1 1 0.916140
125 193 1 1 1 0.927880
125 195 1 1 0 0.665440
125 196 1 1 1 0.621120
125 197 1 0 0 0.604630
125 198 1 0 1 0.740100
125 199 1 1 0 0.618090
125 201 2 0 1 0.705070
125 202 1 0 1 0.599570
125 204 1 0 1 0.583910
125 206 2 0 1 0.653490
125 207 2 1 1 0.604410
125 208 2 1 1 0.672430
125 209 2 0 1 0.465360
125 210 1 0 1 0.837130
125 211 2 0 1 0.657640
125 212 1 1 0 0.500680
125 213 1 1 0 0.585370
125 214 2 1 1 0.563570
125 216 2 1 0 0.992850
125 217 1 0 0 0.673400
125 218 2 1 1 0.775910
125 219 2 0 1 0.681650
125 220 1 1 0 0.576140
125 222 2 0 1 0.645040
125 223 2 1 0 1.005590
125 224 2 0 1 0.527770
125 225 2 1 1 0.742260
125 226 2 0 0 0.867190
125 231 2 1 1 1.005170
125 232 1 0 1 0.859590
125 233 2 1 1 0.635290
125 235 1 1 0 0.585850
125 236 2 1 1 0.980320
125 237 1 0 1 0.621020
125 238 1 0 1 0.750960
125 239 1 0 0 1.010350
125 240 1 1 0 0.493540
125 241 1 0 0 0.518280
125 242 1 1 0 0.839270
125 243 1 1 0 0.671690
125 244 1 1 1 0.762450
125 245 1 0 0 0.914950
125 246 1 1 1 0.623150
125 247 2 0 0 0.578830
125 250 2 1 1 0.642430
125 251 1 1 1 0.586880
125 252 1 0 0 0.452820
125 253 2 1 1 0.638910
125 254 2 0 1 0.988180
125 256 2 0 1 1.006630
125 257 1 1 1 0.659080
125 258 2 1 1 0.738350
125 259 1 1 1 1.138460
125 260 1 0 1 0.756850
125 261 2 1 1 1.016580
125 262 1 1 1 0.640220
125 264 2 1 1 0.766050
125 266 1 1 1 0.739480
125 267 2 1 1 0.649990
125 268 1 1 0 0.684280
125 269 2 0 1 0.848270
125 270 2 0 1 1.366550
125 271 1 1 1 0.214710
125 273 1 0 1 0.582580
125 274 1 0 0 0.853130
125 275 1 0 0 0.865070
125 276 1 0 1 1.096580
125 277 1 0 1 0.624750
125 278 1 1 0 1.087220
125 279 1 1 1 1.093690
125 280 1 0 1 0.634360
125 282 2 1 1 0.563020
125 283 2 1 1 0.907820
125 284 2 1 1 0.627110
125 286 1 1 1 0.871390
125 288 2 1 1 0.439290
125 289 1 0 0 0.756220
125 290 2 1 1 1.021340
125 294 2 0 0 0.759900
125 295 1 1 1 0.727160
125 297 2 0 1 0.688830
125 298 2 1 0 0.746320
125 300 2 0 1 0.550440
125 301 2 0 1 0.596210
125 302 2 0 1 0.956700
125 303 1 1 0 0.574890
125 304 2 1 1 1.053670
125 305 1 1 1 0.986770
125 306 2 0 1 0.976330
125 307 2 0 1 0.847460
125 308 2 1 1 1.050660
125 309 2 0 1 0.938850
125 311 1 0 0 0.585660
125 312 1 0 1 0.800150
125 314 2 1 1 0.531500
125 315 2 0 1 0.717670
125 317 2 1 1 0.460300
125 318 1 0 0 0.477720
125 319 2 0 1 0.641690
125 320 1 1 1 0.569070
