126 2 2 1 1 1.006630
126 4 2 0 0 0.665020
126 5 2 1 1 0.857320
126 6 2 0 0 0.666950
126 7 2 1 1 0.875620
126 8 1 1 0 0.910250
126 9 1 1 1 0.663740
126 10 1 1 0 0.956780
126 11 2 0 0 0.602710
126 13 2 0 0 0.716790
126 15 1 0 0 0.723280
126 16 1 0 0 0.859000
126 17 1 1 1 1.350610
126 18 2 1 0 0.789480
126 19 1 0 1 1.144730
126 20 2 0 1 0.976500
126 21 2 1 0 0.808420
126 22 1 1 0 1.174980
126 23 2 0 1 0.950440
126 24 1 0 0 0.962210
126 25 2 1 0 0.681490
126 26 1 0 0 1.036910
126 28 1 0 0 0.914180
126 29 1 1 0 0.988030
126 30 2 0 0 0.887270
126 31 1 0 1 0.617960
126 32 1 0 0 0.720260
126 33 2 1 0 0.906230
126 36 2 1 1 0.711940
126 37 2 1 0 1.218750
126 38 1 0 0 0.904250
126 39 1 0 1 0.978960
126 42 1 0 0 1.157500
126 43 1 0 0 1.185960
126 44 2 1 1 0.916880
126 45 1 0 0 0.849840
126 46 1 0 0 1.036860
126 47 1 0 0 0.802320
126 48 1 0 0 1.067090
126 49 2 0 1 1.012020
126 51 2 0 0 1.333540
126 53 1 1 1 0.862070
126 54 1 0 1 0.739000
126 55 1 1 0 0.840810
126 56 1 1 0 0.982440
126 58 2 0 0 0.551740
126 62 2 1 1 0.747180
126 63 2 1 1 0.972680
126 64 2 1 0 0.815690
126 65 2 0 1 0.625140
126 67 2 0 0 0.688560
126 68 2 1 0 0.914260
126 69 2 1 0 0.813720
126 70 1 1 0 1.191110
126 71 1 1 0 1.011820
126 72 1 1 1 1.068760
126 73 2 1 0 0.984930
126 74 1 0 1 0.636860
126 75 2 0 1 0.693780
126 76 2 1 0 0.987010
126 77 1 0 1 0.779360
126 79 1 0 0 0.792000
126 80 2 1 0 0.905230
126 81 2 1 1 0.628440
126 82 1 1 0 0.679350
126 85 1 1 1 0.878840
126 86 2 1 1 0.733300
126 87 1 1 0 0.610260
126 88 1 1 0 0.644540
126 91 1 1 1 0.832040
126 93 2 0 1 0.827790
126 95 2 1 1 0.694010
126 97 2 1 1 0.634240
126 99 1 1 0 0.933580
126 100 1 0 0 0.844420
126 101 2 0 0 0.687960
126 103 1 1 0 0.717510
126 105 2 1 0 0.995090
126 106 2 1 0 1.018440
126 107 2 0 1 0.996400
126 108 1 0 0 1.024900
126 109 1 0 1 0.632180
126 111 1 1 1 0.696120
126 112 1 0 1 0.629480
126 113 1 0 0 0.872800
126 114 2 1 0 0.783270
126 116 2 0 0 0.891750
126 118 1 1 1 1.197420
126 119 2 0 1 0.798850
126 120 2 0 1 0.755840
126 121 2 0 0 0.930830
126 122 1 0 1 0.650620
126 123 1 1 0 0.961770
126 124 1 0 0 1.052290
126 125 1 0 1 0.872980
126 126 2 1 1 0.655300
126 127 1 1 0 0.701020
126 128 1 0 1 0.808280
126 129 2 0 1 0.787660
126 130 1 0 1 0.557700
126 131 2 0 0 0.682720
126 132 2 0 1 0.705880
126 133 1 1 1 0.757040
126 134 1 1 0 0.678840
126 135 1 1 1 0.769840
126 137 1 1 1 0.855270
126 138 2 1 0 0.710200
126 139 2 1 0 0.806360
126 140 1 0 1 0.570650
126 141 2 0 0 0.965160
126 142 2 1 1 0.943120
126 143 2 1 1 1.073020
126 144 2 0 0 0.893870
126 146 1 1 1 0.681490
126 147 1 1 0 0.721430
126 148 1 0 1 0.722180
126 149 1 1 1 0.835290
126 150 2 0 0 0.869780
126 151 2 0 0 1.089660
126 152 2 0 1 0.854080
126 154 2 0 0 0.703410
126 155 2 0 1 0.996620
126 156 2 1 0 0.817310
126 157 2 0 0 0.727990
126 158 1 0 0 0.936650
126 159 1 1 1 0.802320
126 161 2 1 1 0.828250
126 162 1 0 0 0.604090
126 163 1 0 0 0.633420
126 164 1 0 0 0.982700
126 165 1 0 0 0.792710
126 166 2 1 0 1.091180
126 167 1 1 0 0.721810
126 168 2 1 1 0.806700
126 171 2 1 0 0.977190
126 172 2 0 1 0.848510
126 173 2 1 1 0.995470
126 174 2 1 1 0.749540
126 175 1 1 0 0.597950
126 176 1 1 1 0.733910
126 177 2 1 0 0.746180
126 179 2 1 0 0.572970
126 180 1 1 1 0.944930
126 181 2 0 1 1.041240
126 182 2 0 0 0.952120
126 185 1 1 1 0.859430
126 187 1 0 0 0.978590
126 188 1 0 0 0.721090
126 189 1 1 1 0.732860
126 190 2 0 1 0.975740
126 191 1 0 0 0.785370
126 192 1 0 1 0.864830
126 193 2 1 1 0.972380
126 194 1 1 1 0.939690
126 196 2 1 1 0.659650
126 197 1 1 0 0.688100
126 198 1 1 0 1.104910
126 199 1 0 1 1.128090
126 200 1 1 0 0.690030
126 203 2 0 1 0.816580
126 206 1 0 1 0.661140
126 208 1 0 0 0.837790
126 209 1 1 0 1.035040
126 210 1 1 1 0.834260
126 211 2 1 1 0.885570
126 212 1 1 0 0.863960
126 213 2 0 0 0.797300
126 214 2 0 0 1.000330
126 216 2 1 0 1.131610
126 217 2 1 1 0.676470
126 218 1 1 0 0.902030
126 219 2 0 1 0.812550
126 220 2 1 0 1.079020
126 222 1 0 1 0.528950
126 223 1 1 0 0.580260
126 224 2 0 1 0.750690
126 225 2 0 0 0.818630
126 226 1 0 0 1.049620
126 227 2 0 0 1.016920
126 228 1 0 0 0.736510
126 229 1 0 0 0.697620
126 230 1 0 0 0.889590
126 231 1 0 0 0.777790
126 232 2 1 0 0.913500
126 234 2 0 1 0.751570
126 235 2 1 0 0.831030
126 236 2 1 0 0.735930
126 237 2 0 1 0.714100
126 238 2 0 1 0.636050
126 240 2 0 0 0.654150
126 241 1 0 1 0.901050
126 243 1 0 0 0.693970
126 244 2 1 1 0.593740
126 245 2 0 1 0.915300
126 246 1 1 0 0.657330
126 247 2 1 1 0.759290
126 248 2 0 1 0.923110
126 249 1 1 0 0.710380
126 250 2 0 1 0.620900
126 251 2 0 0 0.655180
126 252 2 1 0 0.796320
126 254 2 0 1 0.932740
126 255 1 0 1 1.034510
126 256 1 0 1 0.714390
126 258 2 0 0 0.959890
126 259 1 1 0 1.067670
126 261 2 1 0 0.933880
126 263 1 1 0 0.715870
126 264 2 0 0 0.806410
126 265 1 1 1 0.930660
126 268 1 1 0 0.972130
126 269 1 0 0 0.838020
126 270 2 0 1 0.658520
126 272 1 1 0 0.834520
126 273 1 1 0 0.756220
126 274 1 1 1 0.864150
126 275 2 1 1 0.763750
126 276 1 0 1 0.876970
126 277 2 1 1 1.074230
126 278 2 0 1 0.793450
126 279 1 0 1 0.671440
126 280 1 0 0 1.117570
126 281 1 1 0 0.544670
126 283 2 0 0 1.227220
126 285 1 1 1 1.245390
126 286 1 1 0 0.819380
126 287 2 1 1 0.972800
126 289 2 0 0 0.676300
126 290 1 1 0 0.721760
126 292 1 0 0 0.700300
126 293 1 1 0 0.672520
126 294 1 0 1 0.628220
126 296 2 1 1 0.860500
126 299 2 0 0 0.622540
126 300 2 1 0 0.809560
126 301 2 1 0 1.035430
126 302 2 0 1 1.069710
126 303 1 1 0 0.777740
126 305 1 0 0 0.750630
126 306 1 1 1 0.706860
126 307 2 1 1 0.724050
126 309 2 0 1 1.006740
126 310 2 1 0 0.759900
126 311 2 0 0 0.833630
126 312 2 1 0 1.003000
126 313 2 0 1 0.947460
126 314 1 0 1 0.993170
126 315 2 0 1 0.841800
126 316 1 1 0 0.977530
126 317 1 0 1 0.685700
126 318 2 0 1 0.759330
126 319 2 0 0 1.097510
126 320 1 1 0 0.592010
